9
10
13
15
25
32
35
38
39
40
41
42
43
49
54
57
59
63
71
80
81
85
87
93
95
101
103
105
106
109
118
124
127
129
136
140
142
146
152
154
156
157
162
165
166
169
178
180
182
184
186
187
190
193
200
201
202
203
204
205
206
207
208
209
210
211
213
220
223
226
229
231
235
236
239
240
241
254
260
263
265
272
276
278
282
288
290
292
293
306
308
310
312
314
315
318
321
329
330
334
336
342
344
350
352
354
355
358
363
364
365
366
367
368
369
370
371
372
373
374
379
382
384
388
389
392
393
394
402
407
410
412
416
424
425
428
429
432
433
434
435
436
437
438
439
440
441
442
443
444
446
451
452
455
457
467
468
469
470
471
472
473
474
475
476
477
478
479
486
489
498
501
504
505
506
507
508
509
532
533
534
535
536
544
546
548
569
570
571
572
573
574
575
576
577
578
580
581
582
583
585
593
595
601
604
605
608
609
610
625
627
631
633
635
636
637
638
641
651
655
659
661
665
667
669
671
672
673
674
675
676
677
678
679
680
681
682
683
684
685
686
687
688
689
690
691
692
693
694
695
696
697
698
699
700
701
702
703
705
710
712
713
714
715
716
719
722
729
739
743
747
749
753
755
757
759
760
761
762
763
764
765
766
767
768
769
770
771
772
773
774
775
776
777
778
779
780
781
782
783
798
800
804
806
808
809
810
811
812
813
814
815
816
817
818
822
830
832
840
841
842
843
844
845
846
847
848
849
850
869
872
873
874
875
876
877
878
879
880
881
882
883
884
886
887
890
891
892
894
895
896
897
898
903
907
910
911
912
917
924
925
926
927
928
934
935
936
937
938
939
942
951
963
964
968
969
970
971
972
977
981
993
994
995
996
997
998
999
1000
1001
1002
1003
1004
1005
1006
1007
1008
1009
1010
1011
1012
1013
1014
1015
1016
1017
1018
1019
1033
1034
1036
1038
1040
1042
1044
1045
1046
1047
1048
1049
1050
1051
1052
1053
1054
1055
1056
1057
1058
1059
1060
1061
1062
1063
1064
1065
1067
1071
1080
1089
1093
1095
1098
1099
1100
1101
1102
1120
1121
1123
1125
1127
1129
1131
1132
1133
1134
1135
1136
1137
1138
1139
1140
1141
1142
1143
1144
1145
1146
1147
1148
1149
1150
1151
1152
1153
1154
1155
1156
1157
1158
1159
1160
1161
1162
1163
1164
1165
1166
1167
1168
1169
1170
1171
1172
1173
1174
1175
1176
1177
1180
1189
1190
1191
1192
1193
1198
1204
1205
1206
1207
1208
1209
1210
1211
1212
1213
1214
1215
1216
1217
1218
1219
1220
1229
1230
1231
1232
1233
1244
1251
1259
1260
1261
1262
1263
1264
1265
1266
1267
1272
1273
1274
1275
1276
1277
1278
1279
1281
1284
1288
1289
1290
1291
1292
1300
1301
1302
1305
1306
1307
1313
1323
1326
1337
1340
1350
1356
1357
1358
1361
1362
1363
1371
1372
1373
1374
1375
1379
1382
1384
1385
1386
1387
1388
1389
1390
1391
1396
1397
1398
1399
1400
1401
1402
1403
1404
1412
1419
1430
1431
1432
1433
1434
1443
1444
1445
1446
1447
1448
1449
1450
1451
1452
1453
1454
1455
1456
1457
1458
1459
1465
1470
1471
1472
1473
1474
1483
1486
1487
1488
1489
1490
1491
1492
1493
1494
1495
1496
1497
1498
1499
1500
1501
1502
1503
1504
1505
1506
1507
1508
1509
1510
1511
1512
1513
1514
1515
1516
1517
1518
1519
1520
1521
1522
1523
1524
1525
1526
1527
1528
1529
1530
1531
1532
1534
1536
1538
1540
1542
1543
1561
1562
1563
1564
1565
1568
1570
1574
1583
1592
1596
1598
1599
1600
1601
1602
1603
1604
1605
1606
1607
1608
1609
1610
1611
1612
1613
1614
1615
1616
1617
1618
1619
1621
1623
1625
1627
1629
1630
1644
1645
1646
1647
1648
1649
1650
1651
1652
1653
1654
1655
1656
1657
1658
1659
1660
1661
1662
1663
1664
1665
1666
1667
1668
1669
1670
1682
1686
1691
1692
1693
1694
1695
1699
1700
1712
1721
1724
1725
1726
1727
1728
1729
1735
1736
1737
1738
1739
1746
1751
1752
1753
1756
1760
1765
1766
1767
1768
1769
1771
1772
1773
1776
1777
1779
1780
1781
1782
1783
1784
1785
1786
1787
1788
1789
1790
1791
1794
1813
1814
1815
1816
1817
1818
1819
1820
1821
1822
1823
1831
1833
1841
1845
1846
1847
1848
1849
1850
1851
1852
1853
1854
1855
1857
1859
1863
1865
1880
1881
1882
1883
1884
1885
1886
1887
1888
1889
1890
1891
1892
1893
1894
1895
1896
1897
1898
1899
1900
1901
1902
1903
1904
1906
1908
1910
1914
1916
1920
1924
1934
1941
1944
1947
1948
1949
1950
1951
1953
1958
1960
1961
1962
1963
1964
1965
1966
1967
1968
1969
1970
1971
1972
1973
1974
1975
1976
1977
1978
1979
1980
1981
1982
1983
1984
1985
1986
1987
1988
1989
1990
1991
1992
1994
1996
1998
2002
2004
2008
2012
2022
2025
2026
2027
2028
2030
2032
2036
2038
2053
2054
2055
2058
2059
2062
2068
2070
2078
2080
2081
2082
2083
2085
2086
2087
2088
2089
2090
2091
2092
2093
2094
2115
2117
2119
2127
2128
2129
2130
2131
2154
2155
2156
2157
2158
2159
2162
2165
2174
2177
2184
2185
2186
2187
2188
2189
2190
2191
2192
2193
2194
2195
2196
2206
2208
2211
2212
2217
2219
2220
2221
2222
2223
2224
2225
2226
2227
2228
2229
2230
2231
2234
2235
2238
2239
2247
2251
2253
2256
2261
2269
2270
2271
2274
2275
2279
2281
2284
2289
2290
2291
2292
2293
2294
2295
2296
2297
2298
2299
2300
2305
2308
2309
2311
2313
2319
2321
2327
2329
2333
2334
2342
2345
2348
2349
2351
2353
2355
2357
2370
2371
2373
2375
2381
2385
2387
2391
2398
2400
2403
2409
2422
2423
2424
2427
2428
2432
2434
2437
2440
2443
2450
2452
2453
2454
2455
2456
2457
2458
2459
2460
2461
2462
2463
2470
2473
2476
2477
2479
2481
2483
2485
2494
2497
2498
2501
2506
2507
2509
2511
2517
2521
2523
2527
2534
2536
2539
2545
2554
2557
2558
2560
2562
2568
2570
2576
2578
2582
2583
2592
2600
2604
2606
2609
2614
2620
2621
2622
2623
2624
2625
2628
2631
2638
2648
2650
2653
2654