379
384
389
394
402
407
412
416
433
434
437
438
446
451
452
467
468
469
471
472
474
486
489
498
501
504
505
610
812
813
814
815
816
817
822
832
841
872
873
878
879
884
890
891
892
898
903
907
926
934
935
936
937
938
939
997
1175
1176
1177
1189
1190
1191
1192
1193
1198
1204
1230
1231
1232
1244
1251
1259
1281
1290
1302
1305
1306
1326
1337
1357
1358
1361
1373
1382
1404
1412
1419
1431
1432
1433
1459
1465
1470
1471
1472
1473
1474
1486
1487
1488
1666
1724
1725
1726
1727
1728
1729
1737
1756
1760
1765
1771
1772
1773
1779
1784
1785
1790
1791
1822
1831
1841
1847
1848
1849
1850
1851
2053
2158
2159
2162
2165
2174
2177
2189
2191
2192
2194
2195
2196
2211
2212
2217
2225
2226
2229
2230
2247
2251
2256
2261
2269
2274
2279
2284