270
878
894
1430
1436
1442
1446
1454
1462
1470
1486
1502
1503
1510
1511
1522
1528
1531
1556
1559
1602
1606
1650
1659
1710
1718
1742
1743
1750
1751
1762
1763
1770
1771
1782
1790
1798
1814
1830
1846
1874
1878
1898
1922
1958
2380
2388
2396
2412
2552
2568
2584
2588
2626
2634
2676
2684
2724
2740
2788
2789
2791
2792
2839
2843
2847
2853
2854
2860
2876
2892
2908
2916
2932
3650
3654
3770
3820
3856
3857
3863
3867
3868
3900
3956
3965
3977
3989
3998
4086
4098
4114
4120
4136
4148
4150
4190
4210
4218
4222
4228
4316
4328
4344
4360
4418
4427
4439
4443
4455
4464
4473
4485
4489
4501
4556
4568
4584
4600
4694
4700
4706
4710
4730
4772
4778
4780
4792
4808
4814
4830
4926
4930
4939
4951
4963
5022
5056
5060
5061
5065
5071
5102
5150
5266
5274
5988
5996
6012
6020
6036
6052
6073
6074
6075
6081
6085
6135
6136
6137
6139
6180
6188
6240
6244
6285
6294
6334
6340
6344
6360
6500
6516
6532
6540
6964
7000
7022
7042
7050
7066
7082
7098
7114
7130
7138
7156
7157
7162
7165
7176
7177
7182
7185
7206
7210
7263
7269
7316
7322
7366
7369
7388
7397
7400
7416
7417
7422
7425
7426
7442
7458
7466
7474
7482
7486
7492
8018
8034
8650