g1_z,IZ,ZI,ZZ,ZX,ZY,XZ,YZ,round,operator,mean,std
9.12010839356e-05,9.12010839356e-05,9.12010839356e-05,9.12010839356e-05,9.12010839356e-05,9.12010839356e-05,9.12010839356e-05,9.12010839356e-05,1,Logical X,0.991,0.00214243747031
9.12010839356e-05,9.12010839356e-05,9.12010839356e-05,9.12010839356e-05,9.12010839356e-05,9.12010839356e-05,9.12010839356e-05,9.12010839356e-05,1,Logical Y,0.0158444444444,0.0127151923893
9.12010839356e-05,9.12010839356e-05,9.12010839356e-05,9.12010839356e-05,9.12010839356e-05,9.12010839356e-05,9.12010839356e-05,9.12010839356e-05,1,Logical Z,0.0182444444444,0.0116098562082
9.12010839356e-05,9.12010839356e-05,9.12010839356e-05,9.12010839356e-05,9.12010839356e-05,9.12010839356e-05,9.12010839356e-05,9.12010839356e-05,1,X0 X1,0.992488888889,0.00250628838753
9.12010839356e-05,9.12010839356e-05,9.12010839356e-05,9.12010839356e-05,9.12010839356e-05,9.12010839356e-05,9.12010839356e-05,9.12010839356e-05,1,X1 Z2 Y3 Y4 Z5 X7,0.9754,0.00360650752831
9.12010839356e-05,9.12010839356e-05,9.12010839356e-05,9.12010839356e-05,9.12010839356e-05,9.12010839356e-05,9.12010839356e-05,9.12010839356e-05,1,X10 Z13 Y14 Y17 Z18 X22,0.979755555556,0.00389707949725
9.12010839356e-05,9.12010839356e-05,9.12010839356e-05,9.12010839356e-05,9.12010839356e-05,9.12010839356e-05,9.12010839356e-05,9.12010839356e-05,1,X11 Z14 Y15 Y18 Z19 X23,0.979022222222,0.00457791912887
9.12010839356e-05,9.12010839356e-05,9.12010839356e-05,9.12010839356e-05,9.12010839356e-05,9.12010839356e-05,9.12010839356e-05,9.12010839356e-05,1,X12 X16,0.990622222222,0.0024631122781
9.12010839356e-05,9.12010839356e-05,9.12010839356e-05,9.12010839356e-05,9.12010839356e-05,9.12010839356e-05,9.12010839356e-05,9.12010839356e-05,1,X13 X17,0.991866666667,0.00207447542185
9.12010839356e-05,9.12010839356e-05,9.12010839356e-05,9.12010839356e-05,9.12010839356e-05,9.12010839356e-05,9.12010839356e-05,9.12010839356e-05,1,X14 X18,0.990777777778,0.00189440259052
9.12010839356e-05,9.12010839356e-05,9.12010839356e-05,9.12010839356e-05,9.12010839356e-05,9.12010839356e-05,9.12010839356e-05,9.12010839356e-05,1,X15 X19,0.992088888889,0.00200178719637
9.12010839356e-05,9.12010839356e-05,9.12010839356e-05,9.12010839356e-05,9.12010839356e-05,9.12010839356e-05,9.12010839356e-05,9.12010839356e-05,1,X16 Z20 Y21 Y25 Z26 X31,0.979733333333,0.00304550419232
9.12010839356e-05,9.12010839356e-05,9.12010839356e-05,9.12010839356e-05,9.12010839356e-05,9.12010839356e-05,9.12010839356e-05,9.12010839356e-05,1,X17 Z21 Y22 Y26 Z27 X32,0.978711111111,0.00300667626643
9.12010839356e-05,9.12010839356e-05,9.12010839356e-05,9.12010839356e-05,9.12010839356e-05,9.12010839356e-05,9.12010839356e-05,9.12010839356e-05,1,X18 Z22 Y23 Y27 Z28 X33,0.978688888889,0.00430800140639
9.12010839356e-05,9.12010839356e-05,9.12010839356e-05,9.12010839356e-05,9.12010839356e-05,9.12010839356e-05,9.12010839356e-05,9.12010839356e-05,1,X19 Z23 Y24 Y28 Z29 X34,0.978422222222,0.00395950123928
9.12010839356e-05,9.12010839356e-05,9.12010839356e-05,9.12010839356e-05,9.12010839356e-05,9.12010839356e-05,9.12010839356e-05,9.12010839356e-05,1,X2 X4,0.989177777778,0.00293836211229
9.12010839356e-05,9.12010839356e-05,9.12010839356e-05,9.12010839356e-05,9.12010839356e-05,9.12010839356e-05,9.12010839356e-05,9.12010839356e-05,1,X20 X25,0.993266666667,0.00160793053738
9.12010839356e-05,9.12010839356e-05,9.12010839356e-05,9.12010839356e-05,9.12010839356e-05,9.12010839356e-05,9.12010839356e-05,9.12010839356e-05,1,X21 X26,0.991688888889,0.00247428666656
9.12010839356e-05,9.12010839356e-05,9.12010839356e-05,9.12010839356e-05,9.12010839356e-05,9.12010839356e-05,9.12010839356e-05,9.12010839356e-05,1,X22 X27,0.992111111111,0.00239465134095
9.12010839356e-05,9.12010839356e-05,9.12010839356e-05,9.12010839356e-05,9.12010839356e-05,9.12010839356e-05,9.12010839356e-05,9.12010839356e-05,1,X23 X28,0.992377777778,0.00188304256393
9.12010839356e-05,9.12010839356e-05,9.12010839356e-05,9.12010839356e-05,9.12010839356e-05,9.12010839356e-05,9.12010839356e-05,9.12010839356e-05,1,X24 X29,0.992022222222,0.00212616131591
9.12010839356e-05,9.12010839356e-05,9.12010839356e-05,9.12010839356e-05,9.12010839356e-05,9.12010839356e-05,9.12010839356e-05,9.12010839356e-05,1,X25 Z30 Y31 Y36 Z37 X43,0.979266666667,0.0031188464318
9.12010839356e-05,9.12010839356e-05,9.12010839356e-05,9.12010839356e-05,9.12010839356e-05,9.12010839356e-05,9.12010839356e-05,9.12010839356e-05,1,X26 Z31 Y32 Y37 Z38 X44,0.979222222222,0.0038320420947
9.12010839356e-05,9.12010839356e-05,9.12010839356e-05,9.12010839356e-05,9.12010839356e-05,9.12010839356e-05,9.12010839356e-05,9.12010839356e-05,1,X27 Z32 Y33 Y38 Z39 X45,0.979177777778,0.00301049674919
9.12010839356e-05,9.12010839356e-05,9.12010839356e-05,9.12010839356e-05,9.12010839356e-05,9.12010839356e-05,9.12010839356e-05,9.12010839356e-05,1,X28 Z33 Y34 Y39 Z40 X46,0.978111111111,0.00410245542149
9.12010839356e-05,9.12010839356e-05,9.12010839356e-05,9.12010839356e-05,9.12010839356e-05,9.12010839356e-05,9.12010839356e-05,9.12010839356e-05,1,X29 Z34 Y35 Y40 Z41 X47,0.978733333333,0.0037888725969
9.12010839356e-05,9.12010839356e-05,9.12010839356e-05,9.12010839356e-05,9.12010839356e-05,9.12010839356e-05,9.12010839356e-05,9.12010839356e-05,1,X3 X5,0.991844444444,0.00179128014186
9.12010839356e-05,9.12010839356e-05,9.12010839356e-05,9.12010839356e-05,9.12010839356e-05,9.12010839356e-05,9.12010839356e-05,9.12010839356e-05,1,X30 X36,0.989577777778,0.00243526664394
9.12010839356e-05,9.12010839356e-05,9.12010839356e-05,9.12010839356e-05,9.12010839356e-05,9.12010839356e-05,9.12010839356e-05,9.12010839356e-05,1,X31 X37,0.990888888889,0.00264550994343
9.12010839356e-05,9.12010839356e-05,9.12010839356e-05,9.12010839356e-05,9.12010839356e-05,9.12010839356e-05,9.12010839356e-05,9.12010839356e-05,1,X32 X38,0.992044444444,0.0024631122781
9.12010839356e-05,9.12010839356e-05,9.12010839356e-05,9.12010839356e-05,9.12010839356e-05,9.12010839356e-05,9.12010839356e-05,9.12010839356e-05,1,X33 X39,0.991111111111,0.00242169842134
9.12010839356e-05,9.12010839356e-05,9.12010839356e-05,9.12010839356e-05,9.12010839356e-05,9.12010839356e-05,9.12010839356e-05,9.12010839356e-05,1,X34 X40,0.990711111111,0.00207841181139
9.12010839356e-05,9.12010839356e-05,9.12010839356e-05,9.12010839356e-05,9.12010839356e-05,9.12010839356e-05,9.12010839356e-05,9.12010839356e-05,1,X35 X41,0.992066666667,0.00183077145978
9.12010839356e-05,9.12010839356e-05,9.12010839356e-05,9.12010839356e-05,9.12010839356e-05,9.12010839356e-05,9.12010839356e-05,9.12010839356e-05,1,X36 Z42 Y43 Y49 Z50 X56,0.980288888889,0.00360792373331
9.12010839356e-05,9.12010839356e-05,9.12010839356e-05,9.12010839356e-05,9.12010839356e-05,9.12010839356e-05,9.12010839356e-05,9.12010839356e-05,1,X37 Z43 Y44 Y50 Z51 X57,0.979577777778,0.003636693936
9.12010839356e-05,9.12010839356e-05,9.12010839356e-05,9.12010839356e-05,9.12010839356e-05,9.12010839356e-05,9.12010839356e-05,9.12010839356e-05,1,X38 Z44 Y45 Y51 Z52 X58,0.980088888889,0.00308119165549
9.12010839356e-05,9.12010839356e-05,9.12010839356e-05,9.12010839356e-05,9.12010839356e-05,9.12010839356e-05,9.12010839356e-05,9.12010839356e-05,1,X39 Z45 Y46 Y52 Z53 X59,0.979,0.00370874497263
9.12010839356e-05,9.12010839356e-05,9.12010839356e-05,9.12010839356e-05,9.12010839356e-05,9.12010839356e-05,9.12010839356e-05,9.12010839356e-05,1,X4 Z6 Y7 Y9 Z10 X13,0.976711111111,0.00357485185325
9.12010839356e-05,9.12010839356e-05,9.12010839356e-05,9.12010839356e-05,9.12010839356e-05,9.12010839356e-05,9.12010839356e-05,9.12010839356e-05,1,X40 Z46 Y47 Y53 Z54 X60,0.979444444444,0.00435963137158
9.12010839356e-05,9.12010839356e-05,9.12010839356e-05,9.12010839356e-05,9.12010839356e-05,9.12010839356e-05,9.12010839356e-05,9.12010839356e-05,1,X41 Z47 Y48 Y54 Z55 X61,0.979844444444,0.00327855371035
9.12010839356e-05,9.12010839356e-05,9.12010839356e-05,9.12010839356e-05,9.12010839356e-05,9.12010839356e-05,9.12010839356e-05,9.12010839356e-05,1,X42 X49,0.990777777778,0.00245781782373
9.12010839356e-05,9.12010839356e-05,9.12010839356e-05,9.12010839356e-05,9.12010839356e-05,9.12010839356e-05,9.12010839356e-05,9.12010839356e-05,1,X43 X50,0.991911111111,0.00175716013775
9.12010839356e-05,9.12010839356e-05,9.12010839356e-05,9.12010839356e-05,9.12010839356e-05,9.12010839356e-05,9.12010839356e-05,9.12010839356e-05,1,X44 X51,0.992555555556,0.00243903965357
9.12010839356e-05,9.12010839356e-05,9.12010839356e-05,9.12010839356e-05,9.12010839356e-05,9.12010839356e-05,9.12010839356e-05,9.12010839356e-05,1,X45 X52,0.991844444444,0.00285905610088
9.12010839356e-05,9.12010839356e-05,9.12010839356e-05,9.12010839356e-05,9.12010839356e-05,9.12010839356e-05,9.12010839356e-05,9.12010839356e-05,1,X46 X53,0.991333333333,0.00244479273033
9.12010839356e-05,9.12010839356e-05,9.12010839356e-05,9.12010839356e-05,9.12010839356e-05,9.12010839356e-05,9.12010839356e-05,9.12010839356e-05,1,X47 X54,0.991711111111,0.00191532103355
9.12010839356e-05,9.12010839356e-05,9.12010839356e-05,9.12010839356e-05,9.12010839356e-05,9.12010839356e-05,9.12010839356e-05,9.12010839356e-05,1,X48 X55,0.990377777778,0.00303079132255
9.12010839356e-05,9.12010839356e-05,9.12010839356e-05,9.12010839356e-05,9.12010839356e-05,9.12010839356e-05,9.12010839356e-05,9.12010839356e-05,1,X49 Y56 Z62,0.987933333333,0.00344569251891
9.12010839356e-05,9.12010839356e-05,9.12010839356e-05,9.12010839356e-05,9.12010839356e-05,9.12010839356e-05,9.12010839356e-05,9.12010839356e-05,1,X5 Z7 Y8 Y10 Z11 X14,0.976422222222,0.00470911184355
9.12010839356e-05,9.12010839356e-05,9.12010839356e-05,9.12010839356e-05,9.12010839356e-05,9.12010839356e-05,9.12010839356e-05,9.12010839356e-05,1,X50 Z56 Y57 Y62 Z63 X68,0.981355555556,0.00327761867268
9.12010839356e-05,9.12010839356e-05,9.12010839356e-05,9.12010839356e-05,9.12010839356e-05,9.12010839356e-05,9.12010839356e-05,9.12010839356e-05,1,X51 Z57 Y58 Y63 Z64 X69,0.980377777778,0.00357806571745
9.12010839356e-05,9.12010839356e-05,9.12010839356e-05,9.12010839356e-05,9.12010839356e-05,9.12010839356e-05,9.12010839356e-05,9.12010839356e-05,1,X52 Z58 Y59 Y64 Z65 X70,0.979866666667,0.00280885299943
9.12010839356e-05,9.12010839356e-05,9.12010839356e-05,9.12010839356e-05,9.12010839356e-05,9.12010839356e-05,9.12010839356e-05,9.12010839356e-05,1,X53 Z59 Y60 Y65 Z66 X71,0.978844444444,0.00390277760734
9.12010839356e-05,9.12010839356e-05,9.12010839356e-05,9.12010839356e-05,9.12010839356e-05,9.12010839356e-05,9.12010839356e-05,9.12010839356e-05,1,X54 Z60 Y61 Y66 Z67 X72,0.979711111111,0.00347374755768
9.12010839356e-05,9.12010839356e-05,9.12010839356e-05,9.12010839356e-05,9.12010839356e-05,9.12010839356e-05,9.12010839356e-05,9.12010839356e-05,1,X56 X62,0.993266666667,0.00243442740323
9.12010839356e-05,9.12010839356e-05,9.12010839356e-05,9.12010839356e-05,9.12010839356e-05,9.12010839356e-05,9.12010839356e-05,9.12010839356e-05,1,X57 X63,0.992377777778,0.00203933227246
9.12010839356e-05,9.12010839356e-05,9.12010839356e-05,9.12010839356e-05,9.12010839356e-05,9.12010839356e-05,9.12010839356e-05,9.12010839356e-05,1,X58 X64,0.991688888889,0.00198641619445
9.12010839356e-05,9.12010839356e-05,9.12010839356e-05,9.12010839356e-05,9.12010839356e-05,9.12010839356e-05,9.12010839356e-05,9.12010839356e-05,1,X59 X65,0.991422222222,0.00178313369456
9.12010839356e-05,9.12010839356e-05,9.12010839356e-05,9.12010839356e-05,9.12010839356e-05,9.12010839356e-05,9.12010839356e-05,9.12010839356e-05,1,X6 X9,0.9922,0.00239507796688
9.12010839356e-05,9.12010839356e-05,9.12010839356e-05,9.12010839356e-05,9.12010839356e-05,9.12010839356e-05,9.12010839356e-05,9.12010839356e-05,1,X60 X66,0.991422222222,0.00282698183741
9.12010839356e-05,9.12010839356e-05,9.12010839356e-05,9.12010839356e-05,9.12010839356e-05,9.12010839356e-05,9.12010839356e-05,9.12010839356e-05,1,X61 X67,0.992955555556,0.00150282832544
9.12010839356e-05,9.12010839356e-05,9.12010839356e-05,9.12010839356e-05,9.12010839356e-05,9.12010839356e-05,9.12010839356e-05,9.12010839356e-05,1,X63 Z68 Y69 Y73 Z74 X78,0.979644444444,0.00352650971266
9.12010839356e-05,9.12010839356e-05,9.12010839356e-05,9.12010839356e-05,9.12010839356e-05,9.12010839356e-05,9.12010839356e-05,9.12010839356e-05,1,X64 Z69 Y70 Y74 Z75 X79,0.979288888889,0.00338549229948
9.12010839356e-05,9.12010839356e-05,9.12010839356e-05,9.12010839356e-05,9.12010839356e-05,9.12010839356e-05,9.12010839356e-05,9.12010839356e-05,1,X65 Z70 Y71 Y75 Z76 X80,0.977622222222,0.00392919452357
9.12010839356e-05,9.12010839356e-05,9.12010839356e-05,9.12010839356e-05,9.12010839356e-05,9.12010839356e-05,9.12010839356e-05,9.12010839356e-05,1,X66 Z71 Y72 Y76 Z77 X81,0.977044444444,0.00355227338932
9.12010839356e-05,9.12010839356e-05,9.12010839356e-05,9.12010839356e-05,9.12010839356e-05,9.12010839356e-05,9.12010839356e-05,9.12010839356e-05,1,X67 Z72 Y77,0.988244444444,0.00247273768788
9.12010839356e-05,9.12010839356e-05,9.12010839356e-05,9.12010839356e-05,9.12010839356e-05,9.12010839356e-05,9.12010839356e-05,9.12010839356e-05,1,X68 X73,0.9914,0.00268585053632
9.12010839356e-05,9.12010839356e-05,9.12010839356e-05,9.12010839356e-05,9.12010839356e-05,9.12010839356e-05,9.12010839356e-05,9.12010839356e-05,1,X69 X74,0.991288888889,0.00202613826546
9.12010839356e-05,9.12010839356e-05,9.12010839356e-05,9.12010839356e-05,9.12010839356e-05,9.12010839356e-05,9.12010839356e-05,9.12010839356e-05,1,X7 X10,0.990733333333,0.00240274428032
9.12010839356e-05,9.12010839356e-05,9.12010839356e-05,9.12010839356e-05,9.12010839356e-05,9.12010839356e-05,9.12010839356e-05,9.12010839356e-05,1,X70 X75,0.991377777778,0.00274557579796
9.12010839356e-05,9.12010839356e-05,9.12010839356e-05,9.12010839356e-05,9.12010839356e-05,9.12010839356e-05,9.12010839356e-05,9.12010839356e-05,1,X71 X76,0.990622222222,0.00303205522313
9.12010839356e-05,9.12010839356e-05,9.12010839356e-05,9.12010839356e-05,9.12010839356e-05,9.12010839356e-05,9.12010839356e-05,9.12010839356e-05,1,X72 X77,0.992222222222,0.00201399953455
9.12010839356e-05,9.12010839356e-05,9.12010839356e-05,9.12010839356e-05,9.12010839356e-05,9.12010839356e-05,9.12010839356e-05,9.12010839356e-05,1,X73 Y78 Z82,0.986688888889,0.00196118138869
9.12010839356e-05,9.12010839356e-05,9.12010839356e-05,9.12010839356e-05,9.12010839356e-05,9.12010839356e-05,9.12010839356e-05,9.12010839356e-05,1,X74 Z78 Y79 Y82 Z83 X86,0.980911111111,0.00447550449506
9.12010839356e-05,9.12010839356e-05,9.12010839356e-05,9.12010839356e-05,9.12010839356e-05,9.12010839356e-05,9.12010839356e-05,9.12010839356e-05,1,X75 Z79 Y80 Y83 Z84 X87,0.979066666667,0.00286931179755
9.12010839356e-05,9.12010839356e-05,9.12010839356e-05,9.12010839356e-05,9.12010839356e-05,9.12010839356e-05,9.12010839356e-05,9.12010839356e-05,1,X76 Z80 Y81 Y84 Z85 X88,0.977088888889,0.00465674917717
9.12010839356e-05,9.12010839356e-05,9.12010839356e-05,9.12010839356e-05,9.12010839356e-05,9.12010839356e-05,9.12010839356e-05,9.12010839356e-05,1,X78 X82,0.992711111111,0.00189318870528
9.12010839356e-05,9.12010839356e-05,9.12010839356e-05,9.12010839356e-05,9.12010839356e-05,9.12010839356e-05,9.12010839356e-05,9.12010839356e-05,1,X79 X83,0.992066666667,0.00217509413193
9.12010839356e-05,9.12010839356e-05,9.12010839356e-05,9.12010839356e-05,9.12010839356e-05,9.12010839356e-05,9.12010839356e-05,9.12010839356e-05,1,X8 X11,0.990088888889,0.00219880380809
9.12010839356e-05,9.12010839356e-05,9.12010839356e-05,9.12010839356e-05,9.12010839356e-05,9.12010839356e-05,9.12010839356e-05,9.12010839356e-05,1,X80 X84,0.9914,0.00241546739962
9.12010839356e-05,9.12010839356e-05,9.12010839356e-05,9.12010839356e-05,9.12010839356e-05,9.12010839356e-05,9.12010839356e-05,9.12010839356e-05,1,X81 X85,0.991222222222,0.00261491937171
9.12010839356e-05,9.12010839356e-05,9.12010839356e-05,9.12010839356e-05,9.12010839356e-05,9.12010839356e-05,9.12010839356e-05,9.12010839356e-05,1,X83 Z86 Y87 Y89 Z90 X92,0.980666666667,0.00410960933531
9.12010839356e-05,9.12010839356e-05,9.12010839356e-05,9.12010839356e-05,9.12010839356e-05,9.12010839356e-05,9.12010839356e-05,9.12010839356e-05,1,X84 Z87 Y88 Y90 Z91 X93,0.979222222222,0.00359686254655
9.12010839356e-05,9.12010839356e-05,9.12010839356e-05,9.12010839356e-05,9.12010839356e-05,9.12010839356e-05,9.12010839356e-05,9.12010839356e-05,1,X85 Z88 Y91,0.987777777778,0.00277002750216
9.12010839356e-05,9.12010839356e-05,9.12010839356e-05,9.12010839356e-05,9.12010839356e-05,9.12010839356e-05,9.12010839356e-05,9.12010839356e-05,1,X86 X89,0.992288888889,0.0030408878182
9.12010839356e-05,9.12010839356e-05,9.12010839356e-05,9.12010839356e-05,9.12010839356e-05,9.12010839356e-05,9.12010839356e-05,9.12010839356e-05,1,X87 X90,0.992022222222,0.00178098369937
9.12010839356e-05,9.12010839356e-05,9.12010839356e-05,9.12010839356e-05,9.12010839356e-05,9.12010839356e-05,9.12010839356e-05,9.12010839356e-05,1,X88 X91,0.991,0.00214243747031
9.12010839356e-05,9.12010839356e-05,9.12010839356e-05,9.12010839356e-05,9.12010839356e-05,9.12010839356e-05,9.12010839356e-05,9.12010839356e-05,1,X89 Y92 Z94,0.9884,0.00241705308048
9.12010839356e-05,9.12010839356e-05,9.12010839356e-05,9.12010839356e-05,9.12010839356e-05,9.12010839356e-05,9.12010839356e-05,9.12010839356e-05,1,X9 Z12 Y13 Y16 Z17 X21,0.979444444444,0.00393854450559
9.12010839356e-05,9.12010839356e-05,9.12010839356e-05,9.12010839356e-05,9.12010839356e-05,9.12010839356e-05,9.12010839356e-05,9.12010839356e-05,1,X90 Z92 Y93 Y94 Z95 X96,0.979911111111,0.00367963571966
9.12010839356e-05,9.12010839356e-05,9.12010839356e-05,9.12010839356e-05,9.12010839356e-05,9.12010839356e-05,9.12010839356e-05,9.12010839356e-05,1,X92 X94,0.993044444444,0.00196274366832
9.12010839356e-05,9.12010839356e-05,9.12010839356e-05,9.12010839356e-05,9.12010839356e-05,9.12010839356e-05,9.12010839356e-05,9.12010839356e-05,1,X93 X95,0.992488888889,0.00178485182603
9.12010839356e-05,9.12010839356e-05,9.12010839356e-05,9.12010839356e-05,9.12010839356e-05,9.12010839356e-05,9.12010839356e-05,9.12010839356e-05,1,X95 Z96 Y97,0.989244444444,0.00239241030665
9.12010839356e-05,9.12010839356e-05,9.12010839356e-05,9.12010839356e-05,9.12010839356e-05,9.12010839356e-05,9.12010839356e-05,9.12010839356e-05,1,X96 X97,0.993866666667,0.00216131079852
9.12010839356e-05,9.12010839356e-05,9.12010839356e-05,9.12010839356e-05,9.12010839356e-05,9.12010839356e-05,9.12010839356e-05,9.12010839356e-05,1,Y0 Z1 X2,0.984733333333,0.00257515390307
9.12010839356e-05,9.12010839356e-05,9.12010839356e-05,9.12010839356e-05,9.12010839356e-05,9.12010839356e-05,9.12010839356e-05,9.12010839356e-05,1,Y20 Z25 X30,0.986488888889,0.00307222551322
9.12010839356e-05,9.12010839356e-05,9.12010839356e-05,9.12010839356e-05,9.12010839356e-05,9.12010839356e-05,9.12010839356e-05,9.12010839356e-05,1,Y6 Z9 X12,0.986266666667,0.00313966101106
9.12010839356e-05,9.12010839356e-05,9.12010839356e-05,9.12010839356e-05,9.12010839356e-05,9.12010839356e-05,9.12010839356e-05,9.12010839356e-05,1,Z15 Y19 X24,0.986644444444,0.00276532072694
9.12010839356e-05,9.12010839356e-05,9.12010839356e-05,9.12010839356e-05,9.12010839356e-05,9.12010839356e-05,9.12010839356e-05,9.12010839356e-05,1,Z3 Y5 X8,0.985,0.00336194616143
9.12010839356e-05,9.12010839356e-05,9.12010839356e-05,9.12010839356e-05,9.12010839356e-05,9.12010839356e-05,9.12010839356e-05,9.12010839356e-05,1,Z35 Y41 X48,0.984622222222,0.00211495918701
9.12010839356e-05,9.12010839356e-05,9.12010839356e-05,9.12010839356e-05,9.12010839356e-05,9.12010839356e-05,9.12010839356e-05,9.12010839356e-05,5,Logical X,0.990266666667,0.00235279242261
9.12010839356e-05,9.12010839356e-05,9.12010839356e-05,9.12010839356e-05,9.12010839356e-05,9.12010839356e-05,9.12010839356e-05,9.12010839356e-05,5,Logical Y,0.0143777777778,0.0105448261662
9.12010839356e-05,9.12010839356e-05,9.12010839356e-05,9.12010839356e-05,9.12010839356e-05,9.12010839356e-05,9.12010839356e-05,9.12010839356e-05,5,Logical Z,0.0133777777778,0.0089920072356
9.12010839356e-05,9.12010839356e-05,9.12010839356e-05,9.12010839356e-05,9.12010839356e-05,9.12010839356e-05,9.12010839356e-05,9.12010839356e-05,5,X0 X1,0.992177777778,0.0015256010268
9.12010839356e-05,9.12010839356e-05,9.12010839356e-05,9.12010839356e-05,9.12010839356e-05,9.12010839356e-05,9.12010839356e-05,9.12010839356e-05,5,X1 Z2 Y3 Y4 Z5 X7,0.976044444444,0.00377908474124
9.12010839356e-05,9.12010839356e-05,9.12010839356e-05,9.12010839356e-05,9.12010839356e-05,9.12010839356e-05,9.12010839356e-05,9.12010839356e-05,5,X10 Z13 Y14 Y17 Z18 X22,0.977577777778,0.00283104482741
9.12010839356e-05,9.12010839356e-05,9.12010839356e-05,9.12010839356e-05,9.12010839356e-05,9.12010839356e-05,9.12010839356e-05,9.12010839356e-05,5,X11 Z14 Y15 Y18 Z19 X23,0.978111111111,0.0042239359297
9.12010839356e-05,9.12010839356e-05,9.12010839356e-05,9.12010839356e-05,9.12010839356e-05,9.12010839356e-05,9.12010839356e-05,9.12010839356e-05,5,X12 X16,0.991555555556,0.00220298184084
9.12010839356e-05,9.12010839356e-05,9.12010839356e-05,9.12010839356e-05,9.12010839356e-05,9.12010839356e-05,9.12010839356e-05,9.12010839356e-05,5,X13 X17,0.992311111111,0.00268803697597
9.12010839356e-05,9.12010839356e-05,9.12010839356e-05,9.12010839356e-05,9.12010839356e-05,9.12010839356e-05,9.12010839356e-05,9.12010839356e-05,5,X14 X18,0.991311111111,0.00215480098971
9.12010839356e-05,9.12010839356e-05,9.12010839356e-05,9.12010839356e-05,9.12010839356e-05,9.12010839356e-05,9.12010839356e-05,9.12010839356e-05,5,X15 X19,0.992177777778,0.00222099583017
9.12010839356e-05,9.12010839356e-05,9.12010839356e-05,9.12010839356e-05,9.12010839356e-05,9.12010839356e-05,9.12010839356e-05,9.12010839356e-05,5,X16 Z20 Y21 Y25 Z26 X31,0.979644444444,0.00326942568607
9.12010839356e-05,9.12010839356e-05,9.12010839356e-05,9.12010839356e-05,9.12010839356e-05,9.12010839356e-05,9.12010839356e-05,9.12010839356e-05,5,X17 Z21 Y22 Y26 Z27 X32,0.978933333333,0.00375739373274
9.12010839356e-05,9.12010839356e-05,9.12010839356e-05,9.12010839356e-05,9.12010839356e-05,9.12010839356e-05,9.12010839356e-05,9.12010839356e-05,5,X18 Z22 Y23 Y27 Z28 X33,0.978711111111,0.00353172087837
9.12010839356e-05,9.12010839356e-05,9.12010839356e-05,9.12010839356e-05,9.12010839356e-05,9.12010839356e-05,9.12010839356e-05,9.12010839356e-05,5,X19 Z23 Y24 Y28 Z29 X34,0.979511111111,0.00363437539979
9.12010839356e-05,9.12010839356e-05,9.12010839356e-05,9.12010839356e-05,9.12010839356e-05,9.12010839356e-05,9.12010839356e-05,9.12010839356e-05,5,X2 X4,0.988911111111,0.00299416205067
9.12010839356e-05,9.12010839356e-05,9.12010839356e-05,9.12010839356e-05,9.12010839356e-05,9.12010839356e-05,9.12010839356e-05,9.12010839356e-05,5,X20 X25,0.992044444444,0.00240646213881
9.12010839356e-05,9.12010839356e-05,9.12010839356e-05,9.12010839356e-05,9.12010839356e-05,9.12010839356e-05,9.12010839356e-05,9.12010839356e-05,5,X21 X26,0.991288888889,0.00276227089282
9.12010839356e-05,9.12010839356e-05,9.12010839356e-05,9.12010839356e-05,9.12010839356e-05,9.12010839356e-05,9.12010839356e-05,9.12010839356e-05,5,X22 X27,0.992488888889,0.00162295160215
9.12010839356e-05,9.12010839356e-05,9.12010839356e-05,9.12010839356e-05,9.12010839356e-05,9.12010839356e-05,9.12010839356e-05,9.12010839356e-05,5,X23 X28,0.990777777778,0.00226303517975
9.12010839356e-05,9.12010839356e-05,9.12010839356e-05,9.12010839356e-05,9.12010839356e-05,9.12010839356e-05,9.12010839356e-05,9.12010839356e-05,5,X24 X29,0.991711111111,0.00210588180733
9.12010839356e-05,9.12010839356e-05,9.12010839356e-05,9.12010839356e-05,9.12010839356e-05,9.12010839356e-05,9.12010839356e-05,9.12010839356e-05,5,X25 Z30 Y31 Y36 Z37 X43,0.978911111111,0.0030499460875
9.12010839356e-05,9.12010839356e-05,9.12010839356e-05,9.12010839356e-05,9.12010839356e-05,9.12010839356e-05,9.12010839356e-05,9.12010839356e-05,5,X26 Z31 Y32 Y37 Z38 X44,0.979688888889,0.00394107297498
9.12010839356e-05,9.12010839356e-05,9.12010839356e-05,9.12010839356e-05,9.12010839356e-05,9.12010839356e-05,9.12010839356e-05,9.12010839356e-05,5,X27 Z32 Y33 Y38 Z39 X45,0.979644444444,0.00287002387395
9.12010839356e-05,9.12010839356e-05,9.12010839356e-05,9.12010839356e-05,9.12010839356e-05,9.12010839356e-05,9.12010839356e-05,9.12010839356e-05,5,X28 Z33 Y34 Y39 Z40 X46,0.979222222222,0.00338617126132
9.12010839356e-05,9.12010839356e-05,9.12010839356e-05,9.12010839356e-05,9.12010839356e-05,9.12010839356e-05,9.12010839356e-05,9.12010839356e-05,5,X29 Z34 Y35 Y40 Z41 X47,0.978311111111,0.00365875147071
9.12010839356e-05,9.12010839356e-05,9.12010839356e-05,9.12010839356e-05,9.12010839356e-05,9.12010839356e-05,9.12010839356e-05,9.12010839356e-05,5,X3 X5,0.992,0.00234888087806
9.12010839356e-05,9.12010839356e-05,9.12010839356e-05,9.12010839356e-05,9.12010839356e-05,9.12010839356e-05,9.12010839356e-05,9.12010839356e-05,5,X30 X36,0.990511111111,0.00253516771658
9.12010839356e-05,9.12010839356e-05,9.12010839356e-05,9.12010839356e-05,9.12010839356e-05,9.12010839356e-05,9.12010839356e-05,9.12010839356e-05,5,X31 X37,0.991933333333,0.00259885032053
9.12010839356e-05,9.12010839356e-05,9.12010839356e-05,9.12010839356e-05,9.12010839356e-05,9.12010839356e-05,9.12010839356e-05,9.12010839356e-05,5,X32 X38,0.990755555556,0.0028913046192
9.12010839356e-05,9.12010839356e-05,9.12010839356e-05,9.12010839356e-05,9.12010839356e-05,9.12010839356e-05,9.12010839356e-05,9.12010839356e-05,5,X33 X39,0.991466666667,0.00265745535532
9.12010839356e-05,9.12010839356e-05,9.12010839356e-05,9.12010839356e-05,9.12010839356e-05,9.12010839356e-05,9.12010839356e-05,9.12010839356e-05,5,X34 X40,0.991244444444,0.00245563443642
9.12010839356e-05,9.12010839356e-05,9.12010839356e-05,9.12010839356e-05,9.12010839356e-05,9.12010839356e-05,9.12010839356e-05,9.12010839356e-05,5,X35 X41,0.992066666667,0.00265716698731
9.12010839356e-05,9.12010839356e-05,9.12010839356e-05,9.12010839356e-05,9.12010839356e-05,9.12010839356e-05,9.12010839356e-05,9.12010839356e-05,5,X36 Z42 Y43 Y49 Z50 X56,0.979088888889,0.00419992093826
9.12010839356e-05,9.12010839356e-05,9.12010839356e-05,9.12010839356e-05,9.12010839356e-05,9.12010839356e-05,9.12010839356e-05,9.12010839356e-05,5,X37 Z43 Y44 Y50 Z51 X57,0.980066666667,0.00434648755008
9.12010839356e-05,9.12010839356e-05,9.12010839356e-05,9.12010839356e-05,9.12010839356e-05,9.12010839356e-05,9.12010839356e-05,9.12010839356e-05,5,X38 Z44 Y45 Y51 Z52 X58,0.978022222222,0.00367859432312
9.12010839356e-05,9.12010839356e-05,9.12010839356e-05,9.12010839356e-05,9.12010839356e-05,9.12010839356e-05,9.12010839356e-05,9.12010839356e-05,5,X39 Z45 Y46 Y52 Z53 X59,0.978933333333,0.00376147032473
9.12010839356e-05,9.12010839356e-05,9.12010839356e-05,9.12010839356e-05,9.12010839356e-05,9.12010839356e-05,9.12010839356e-05,9.12010839356e-05,5,X4 Z6 Y7 Y9 Z10 X13,0.977711111111,0.00415295060443
9.12010839356e-05,9.12010839356e-05,9.12010839356e-05,9.12010839356e-05,9.12010839356e-05,9.12010839356e-05,9.12010839356e-05,9.12010839356e-05,5,X40 Z46 Y47 Y53 Z54 X60,0.978977777778,0.00483199215109
9.12010839356e-05,9.12010839356e-05,9.12010839356e-05,9.12010839356e-05,9.12010839356e-05,9.12010839356e-05,9.12010839356e-05,9.12010839356e-05,5,X41 Z47 Y48 Y54 Z55 X61,0.978,0.00305254118119
9.12010839356e-05,9.12010839356e-05,9.12010839356e-05,9.12010839356e-05,9.12010839356e-05,9.12010839356e-05,9.12010839356e-05,9.12010839356e-05,5,X42 X49,0.990933333333,0.00190663290702
9.12010839356e-05,9.12010839356e-05,9.12010839356e-05,9.12010839356e-05,9.12010839356e-05,9.12010839356e-05,9.12010839356e-05,9.12010839356e-05,5,X43 X50,0.992044444444,0.0019646947709
9.12010839356e-05,9.12010839356e-05,9.12010839356e-05,9.12010839356e-05,9.12010839356e-05,9.12010839356e-05,9.12010839356e-05,9.12010839356e-05,5,X44 X51,0.992777777778,0.00261491937171
9.12010839356e-05,9.12010839356e-05,9.12010839356e-05,9.12010839356e-05,9.12010839356e-05,9.12010839356e-05,9.12010839356e-05,9.12010839356e-05,5,X45 X52,0.992733333333,0.00264560649313
9.12010839356e-05,9.12010839356e-05,9.12010839356e-05,9.12010839356e-05,9.12010839356e-05,9.12010839356e-05,9.12010839356e-05,9.12010839356e-05,5,X46 X53,0.9926,0.00176253039973
9.12010839356e-05,9.12010839356e-05,9.12010839356e-05,9.12010839356e-05,9.12010839356e-05,9.12010839356e-05,9.12010839356e-05,9.12010839356e-05,5,X47 X54,0.992688888889,0.00203782870951
9.12010839356e-05,9.12010839356e-05,9.12010839356e-05,9.12010839356e-05,9.12010839356e-05,9.12010839356e-05,9.12010839356e-05,9.12010839356e-05,5,X48 X55,0.990088888889,0.00295422722433
9.12010839356e-05,9.12010839356e-05,9.12010839356e-05,9.12010839356e-05,9.12010839356e-05,9.12010839356e-05,9.12010839356e-05,9.12010839356e-05,5,X49 Y56 Z62,0.988244444444,0.00292686503836
9.12010839356e-05,9.12010839356e-05,9.12010839356e-05,9.12010839356e-05,9.12010839356e-05,9.12010839356e-05,9.12010839356e-05,9.12010839356e-05,5,X5 Z7 Y8 Y10 Z11 X14,0.976155555556,0.00396414324578
9.12010839356e-05,9.12010839356e-05,9.12010839356e-05,9.12010839356e-05,9.12010839356e-05,9.12010839356e-05,9.12010839356e-05,9.12010839356e-05,5,X50 Z56 Y57 Y62 Z63 X68,0.979755555556,0.00377725937394
9.12010839356e-05,9.12010839356e-05,9.12010839356e-05,9.12010839356e-05,9.12010839356e-05,9.12010839356e-05,9.12010839356e-05,9.12010839356e-05,5,X51 Z57 Y58 Y63 Z64 X69,0.977822222222,0.00445989651043
9.12010839356e-05,9.12010839356e-05,9.12010839356e-05,9.12010839356e-05,9.12010839356e-05,9.12010839356e-05,9.12010839356e-05,9.12010839356e-05,5,X52 Z58 Y59 Y64 Z65 X70,0.978755555556,0.00409366703995
9.12010839356e-05,9.12010839356e-05,9.12010839356e-05,9.12010839356e-05,9.12010839356e-05,9.12010839356e-05,9.12010839356e-05,9.12010839356e-05,5,X53 Z59 Y60 Y65 Z66 X71,0.978288888889,0.00422248436371
9.12010839356e-05,9.12010839356e-05,9.12010839356e-05,9.12010839356e-05,9.12010839356e-05,9.12010839356e-05,9.12010839356e-05,9.12010839356e-05,5,X54 Z60 Y61 Y66 Z67 X72,0.980622222222,0.00352737877491
9.12010839356e-05,9.12010839356e-05,9.12010839356e-05,9.12010839356e-05,9.12010839356e-05,9.12010839356e-05,9.12010839356e-05,9.12010839356e-05,5,X56 X62,0.993555555556,0.00208135921795
9.12010839356e-05,9.12010839356e-05,9.12010839356e-05,9.12010839356e-05,9.12010839356e-05,9.12010839356e-05,9.12010839356e-05,9.12010839356e-05,5,X57 X63,0.992177777778,0.00202613826546
9.12010839356e-05,9.12010839356e-05,9.12010839356e-05,9.12010839356e-05,9.12010839356e-05,9.12010839356e-05,9.12010839356e-05,9.12010839356e-05,5,X58 X64,0.992333333333,0.0022944210198
9.12010839356e-05,9.12010839356e-05,9.12010839356e-05,9.12010839356e-05,9.12010839356e-05,9.12010839356e-05,9.12010839356e-05,9.12010839356e-05,5,X59 X65,0.991444444444,0.00277417390739
9.12010839356e-05,9.12010839356e-05,9.12010839356e-05,9.12010839356e-05,9.12010839356e-05,9.12010839356e-05,9.12010839356e-05,9.12010839356e-05,5,X6 X9,0.992533333333,0.00246601420386
9.12010839356e-05,9.12010839356e-05,9.12010839356e-05,9.12010839356e-05,9.12010839356e-05,9.12010839356e-05,9.12010839356e-05,9.12010839356e-05,5,X60 X66,0.992,0.00243222301861
9.12010839356e-05,9.12010839356e-05,9.12010839356e-05,9.12010839356e-05,9.12010839356e-05,9.12010839356e-05,9.12010839356e-05,9.12010839356e-05,5,X61 X67,0.993088888889,0.00204533547133
9.12010839356e-05,9.12010839356e-05,9.12010839356e-05,9.12010839356e-05,9.12010839356e-05,9.12010839356e-05,9.12010839356e-05,9.12010839356e-05,5,X63 Z68 Y69 Y73 Z74 X78,0.9786,0.00356805752234
9.12010839356e-05,9.12010839356e-05,9.12010839356e-05,9.12010839356e-05,9.12010839356e-05,9.12010839356e-05,9.12010839356e-05,9.12010839356e-05,5,X64 Z69 Y70 Y74 Z75 X79,0.978844444444,0.00291348211479
9.12010839356e-05,9.12010839356e-05,9.12010839356e-05,9.12010839356e-05,9.12010839356e-05,9.12010839356e-05,9.12010839356e-05,9.12010839356e-05,5,X65 Z70 Y71 Y75 Z76 X80,0.978266666667,0.00360756973418
9.12010839356e-05,9.12010839356e-05,9.12010839356e-05,9.12010839356e-05,9.12010839356e-05,9.12010839356e-05,9.12010839356e-05,9.12010839356e-05,5,X66 Z71 Y72 Y76 Z77 X81,0.976511111111,0.00479362070768
9.12010839356e-05,9.12010839356e-05,9.12010839356e-05,9.12010839356e-05,9.12010839356e-05,9.12010839356e-05,9.12010839356e-05,9.12010839356e-05,5,X67 Z72 Y77,0.988955555556,0.00295915144373
9.12010839356e-05,9.12010839356e-05,9.12010839356e-05,9.12010839356e-05,9.12010839356e-05,9.12010839356e-05,9.12010839356e-05,9.12010839356e-05,5,X68 X73,0.9922,0.00231039629382
9.12010839356e-05,9.12010839356e-05,9.12010839356e-05,9.12010839356e-05,9.12010839356e-05,9.12010839356e-05,9.12010839356e-05,9.12010839356e-05,5,X69 X74,0.991266666667,0.00173624865356
9.12010839356e-05,9.12010839356e-05,9.12010839356e-05,9.12010839356e-05,9.12010839356e-05,9.12010839356e-05,9.12010839356e-05,9.12010839356e-05,5,X7 X10,0.990222222222,0.00245937619935
9.12010839356e-05,9.12010839356e-05,9.12010839356e-05,9.12010839356e-05,9.12010839356e-05,9.12010839356e-05,9.12010839356e-05,9.12010839356e-05,5,X70 X75,0.991711111111,0.00222616508449
9.12010839356e-05,9.12010839356e-05,9.12010839356e-05,9.12010839356e-05,9.12010839356e-05,9.12010839356e-05,9.12010839356e-05,9.12010839356e-05,5,X71 X76,0.989977777778,0.00235853927996
9.12010839356e-05,9.12010839356e-05,9.12010839356e-05,9.12010839356e-05,9.12010839356e-05,9.12010839356e-05,9.12010839356e-05,9.12010839356e-05,5,X72 X77,0.992088888889,0.00214946011814
9.12010839356e-05,9.12010839356e-05,9.12010839356e-05,9.12010839356e-05,9.12010839356e-05,9.12010839356e-05,9.12010839356e-05,9.12010839356e-05,5,X73 Y78 Z82,0.987777777778,0.00291032424802
9.12010839356e-05,9.12010839356e-05,9.12010839356e-05,9.12010839356e-05,9.12010839356e-05,9.12010839356e-05,9.12010839356e-05,9.12010839356e-05,5,X74 Z78 Y79 Y82 Z83 X86,0.979422222222,0.00411234319324
9.12010839356e-05,9.12010839356e-05,9.12010839356e-05,9.12010839356e-05,9.12010839356e-05,9.12010839356e-05,9.12010839356e-05,9.12010839356e-05,5,X75 Z79 Y80 Y83 Z84 X87,0.978644444444,0.00427586412887
9.12010839356e-05,9.12010839356e-05,9.12010839356e-05,9.12010839356e-05,9.12010839356e-05,9.12010839356e-05,9.12010839356e-05,9.12010839356e-05,5,X76 Z80 Y81 Y84 Z85 X88,0.9792,0.00348571249114
9.12010839356e-05,9.12010839356e-05,9.12010839356e-05,9.12010839356e-05,9.12010839356e-05,9.12010839356e-05,9.12010839356e-05,9.12010839356e-05,5,X78 X82,0.992688888889,0.00243526664394
9.12010839356e-05,9.12010839356e-05,9.12010839356e-05,9.12010839356e-05,9.12010839356e-05,9.12010839356e-05,9.12010839356e-05,9.12010839356e-05,5,X79 X83,0.992333333333,0.00246818840914
9.12010839356e-05,9.12010839356e-05,9.12010839356e-05,9.12010839356e-05,9.12010839356e-05,9.12010839356e-05,9.12010839356e-05,9.12010839356e-05,5,X8 X11,0.990377777778,0.00273298754938
9.12010839356e-05,9.12010839356e-05,9.12010839356e-05,9.12010839356e-05,9.12010839356e-05,9.12010839356e-05,9.12010839356e-05,9.12010839356e-05,5,X80 X84,0.992155555556,0.00179981551488
9.12010839356e-05,9.12010839356e-05,9.12010839356e-05,9.12010839356e-05,9.12010839356e-05,9.12010839356e-05,9.12010839356e-05,9.12010839356e-05,5,X81 X85,0.991666666667,0.00226754546859
9.12010839356e-05,9.12010839356e-05,9.12010839356e-05,9.12010839356e-05,9.12010839356e-05,9.12010839356e-05,9.12010839356e-05,9.12010839356e-05,5,X83 Z86 Y87 Y89 Z90 X92,0.981222222222,0.0033497679148
9.12010839356e-05,9.12010839356e-05,9.12010839356e-05,9.12010839356e-05,9.12010839356e-05,9.12010839356e-05,9.12010839356e-05,9.12010839356e-05,5,X84 Z87 Y88 Y90 Z91 X93,0.979666666667,0.0039138226407
9.12010839356e-05,9.12010839356e-05,9.12010839356e-05,9.12010839356e-05,9.12010839356e-05,9.12010839356e-05,9.12010839356e-05,9.12010839356e-05,5,X85 Z88 Y91,0.988444444444,0.00311384663535
9.12010839356e-05,9.12010839356e-05,9.12010839356e-05,9.12010839356e-05,9.12010839356e-05,9.12010839356e-05,9.12010839356e-05,9.12010839356e-05,5,X86 X89,0.991577777778,0.00231260635391
9.12010839356e-05,9.12010839356e-05,9.12010839356e-05,9.12010839356e-05,9.12010839356e-05,9.12010839356e-05,9.12010839356e-05,9.12010839356e-05,5,X87 X90,0.991644444444,0.00205468035629
9.12010839356e-05,9.12010839356e-05,9.12010839356e-05,9.12010839356e-05,9.12010839356e-05,9.12010839356e-05,9.12010839356e-05,9.12010839356e-05,5,X88 X91,0.992088888889,0.00230763074221
9.12010839356e-05,9.12010839356e-05,9.12010839356e-05,9.12010839356e-05,9.12010839356e-05,9.12010839356e-05,9.12010839356e-05,9.12010839356e-05,5,X89 Y92 Z94,0.989488888889,0.00232054514228
9.12010839356e-05,9.12010839356e-05,9.12010839356e-05,9.12010839356e-05,9.12010839356e-05,9.12010839356e-05,9.12010839356e-05,9.12010839356e-05,5,X9 Z12 Y13 Y16 Z17 X21,0.979488888889,0.00417503374463
9.12010839356e-05,9.12010839356e-05,9.12010839356e-05,9.12010839356e-05,9.12010839356e-05,9.12010839356e-05,9.12010839356e-05,9.12010839356e-05,5,X90 Z92 Y93 Y94 Z95 X96,0.980066666667,0.00409971497
9.12010839356e-05,9.12010839356e-05,9.12010839356e-05,9.12010839356e-05,9.12010839356e-05,9.12010839356e-05,9.12010839356e-05,9.12010839356e-05,5,X92 X94,0.9932,0.001788854382
9.12010839356e-05,9.12010839356e-05,9.12010839356e-05,9.12010839356e-05,9.12010839356e-05,9.12010839356e-05,9.12010839356e-05,9.12010839356e-05,5,X93 X95,0.992488888889,0.00183564813808
9.12010839356e-05,9.12010839356e-05,9.12010839356e-05,9.12010839356e-05,9.12010839356e-05,9.12010839356e-05,9.12010839356e-05,9.12010839356e-05,5,X95 Z96 Y97,0.989333333333,0.00247593784236
9.12010839356e-05,9.12010839356e-05,9.12010839356e-05,9.12010839356e-05,9.12010839356e-05,9.12010839356e-05,9.12010839356e-05,9.12010839356e-05,5,X96 X97,0.994511111111,0.00216331895809
9.12010839356e-05,9.12010839356e-05,9.12010839356e-05,9.12010839356e-05,9.12010839356e-05,9.12010839356e-05,9.12010839356e-05,9.12010839356e-05,5,Y0 Z1 X2,0.985533333333,0.00318112247955
9.12010839356e-05,9.12010839356e-05,9.12010839356e-05,9.12010839356e-05,9.12010839356e-05,9.12010839356e-05,9.12010839356e-05,9.12010839356e-05,5,Y20 Z25 X30,0.986088888889,0.00317911447384
9.12010839356e-05,9.12010839356e-05,9.12010839356e-05,9.12010839356e-05,9.12010839356e-05,9.12010839356e-05,9.12010839356e-05,9.12010839356e-05,5,Y6 Z9 X12,0.985977777778,0.00343737997584
9.12010839356e-05,9.12010839356e-05,9.12010839356e-05,9.12010839356e-05,9.12010839356e-05,9.12010839356e-05,9.12010839356e-05,9.12010839356e-05,5,Z15 Y19 X24,0.986666666667,0.00359224366648
9.12010839356e-05,9.12010839356e-05,9.12010839356e-05,9.12010839356e-05,9.12010839356e-05,9.12010839356e-05,9.12010839356e-05,9.12010839356e-05,5,Z3 Y5 X8,0.986288888889,0.0029539678275
9.12010839356e-05,9.12010839356e-05,9.12010839356e-05,9.12010839356e-05,9.12010839356e-05,9.12010839356e-05,9.12010839356e-05,9.12010839356e-05,5,Z35 Y41 X48,0.9858,0.00289880408688
9.12010839356e-05,9.12010839356e-05,9.12010839356e-05,9.12010839356e-05,9.12010839356e-05,9.12010839356e-05,9.12010839356e-05,9.12010839356e-05,10,Logical X,0.990755555556,0.00304617508212
9.12010839356e-05,9.12010839356e-05,9.12010839356e-05,9.12010839356e-05,9.12010839356e-05,9.12010839356e-05,9.12010839356e-05,9.12010839356e-05,10,Logical Y,0.0124222222222,0.0104393645427
9.12010839356e-05,9.12010839356e-05,9.12010839356e-05,9.12010839356e-05,9.12010839356e-05,9.12010839356e-05,9.12010839356e-05,9.12010839356e-05,10,Logical Z,0.0154666666667,0.00999218085109
9.12010839356e-05,9.12010839356e-05,9.12010839356e-05,9.12010839356e-05,9.12010839356e-05,9.12010839356e-05,9.12010839356e-05,9.12010839356e-05,10,X0 X1,0.992377777778,0.00197053648749
9.12010839356e-05,9.12010839356e-05,9.12010839356e-05,9.12010839356e-05,9.12010839356e-05,9.12010839356e-05,9.12010839356e-05,9.12010839356e-05,10,X1 Z2 Y3 Y4 Z5 X7,0.975422222222,0.00376608512786
9.12010839356e-05,9.12010839356e-05,9.12010839356e-05,9.12010839356e-05,9.12010839356e-05,9.12010839356e-05,9.12010839356e-05,9.12010839356e-05,10,X10 Z13 Y14 Y17 Z18 X22,0.977711111111,0.0038023317441
9.12010839356e-05,9.12010839356e-05,9.12010839356e-05,9.12010839356e-05,9.12010839356e-05,9.12010839356e-05,9.12010839356e-05,9.12010839356e-05,10,X11 Z14 Y15 Y18 Z19 X23,0.977733333333,0.00339302868808
9.12010839356e-05,9.12010839356e-05,9.12010839356e-05,9.12010839356e-05,9.12010839356e-05,9.12010839356e-05,9.12010839356e-05,9.12010839356e-05,10,X12 X16,0.990911111111,0.00280930764617
9.12010839356e-05,9.12010839356e-05,9.12010839356e-05,9.12010839356e-05,9.12010839356e-05,9.12010839356e-05,9.12010839356e-05,9.12010839356e-05,10,X13 X17,0.991666666667,0.00291777483053
9.12010839356e-05,9.12010839356e-05,9.12010839356e-05,9.12010839356e-05,9.12010839356e-05,9.12010839356e-05,9.12010839356e-05,9.12010839356e-05,10,X14 X18,0.990177777778,0.00270622007149
9.12010839356e-05,9.12010839356e-05,9.12010839356e-05,9.12010839356e-05,9.12010839356e-05,9.12010839356e-05,9.12010839356e-05,9.12010839356e-05,10,X15 X19,0.990755555556,0.00223338194034
9.12010839356e-05,9.12010839356e-05,9.12010839356e-05,9.12010839356e-05,9.12010839356e-05,9.12010839356e-05,9.12010839356e-05,9.12010839356e-05,10,X16 Z20 Y21 Y25 Z26 X31,0.979355555556,0.00381761729198
9.12010839356e-05,9.12010839356e-05,9.12010839356e-05,9.12010839356e-05,9.12010839356e-05,9.12010839356e-05,9.12010839356e-05,9.12010839356e-05,10,X17 Z21 Y22 Y26 Z27 X32,0.977777777778,0.00335091150559
9.12010839356e-05,9.12010839356e-05,9.12010839356e-05,9.12010839356e-05,9.12010839356e-05,9.12010839356e-05,9.12010839356e-05,9.12010839356e-05,10,X18 Z22 Y23 Y27 Z28 X33,0.977666666667,0.00399137000073
9.12010839356e-05,9.12010839356e-05,9.12010839356e-05,9.12010839356e-05,9.12010839356e-05,9.12010839356e-05,9.12010839356e-05,9.12010839356e-05,10,X19 Z23 Y24 Y28 Z29 X34,0.977488888889,0.00288041787801
9.12010839356e-05,9.12010839356e-05,9.12010839356e-05,9.12010839356e-05,9.12010839356e-05,9.12010839356e-05,9.12010839356e-05,9.12010839356e-05,10,X2 X4,0.989555555556,0.00266283249263
9.12010839356e-05,9.12010839356e-05,9.12010839356e-05,9.12010839356e-05,9.12010839356e-05,9.12010839356e-05,9.12010839356e-05,9.12010839356e-05,10,X20 X25,0.992866666667,0.00221558395475
9.12010839356e-05,9.12010839356e-05,9.12010839356e-05,9.12010839356e-05,9.12010839356e-05,9.12010839356e-05,9.12010839356e-05,9.12010839356e-05,10,X21 X26,0.991688888889,0.00223338194034
9.12010839356e-05,9.12010839356e-05,9.12010839356e-05,9.12010839356e-05,9.12010839356e-05,9.12010839356e-05,9.12010839356e-05,9.12010839356e-05,10,X22 X27,0.9926,0.00226484037312
9.12010839356e-05,9.12010839356e-05,9.12010839356e-05,9.12010839356e-05,9.12010839356e-05,9.12010839356e-05,9.12010839356e-05,9.12010839356e-05,10,X23 X28,0.991933333333,0.00236416412938
9.12010839356e-05,9.12010839356e-05,9.12010839356e-05,9.12010839356e-05,9.12010839356e-05,9.12010839356e-05,9.12010839356e-05,9.12010839356e-05,10,X24 X29,0.991311111111,0.00240996229495
9.12010839356e-05,9.12010839356e-05,9.12010839356e-05,9.12010839356e-05,9.12010839356e-05,9.12010839356e-05,9.12010839356e-05,9.12010839356e-05,10,X25 Z30 Y31 Y36 Z37 X43,0.979444444444,0.00403085164778
9.12010839356e-05,9.12010839356e-05,9.12010839356e-05,9.12010839356e-05,9.12010839356e-05,9.12010839356e-05,9.12010839356e-05,9.12010839356e-05,10,X26 Z31 Y32 Y37 Z38 X44,0.980022222222,0.00420721268414
9.12010839356e-05,9.12010839356e-05,9.12010839356e-05,9.12010839356e-05,9.12010839356e-05,9.12010839356e-05,9.12010839356e-05,9.12010839356e-05,10,X27 Z32 Y33 Y38 Z39 X45,0.979622222222,0.00319330397766
9.12010839356e-05,9.12010839356e-05,9.12010839356e-05,9.12010839356e-05,9.12010839356e-05,9.12010839356e-05,9.12010839356e-05,9.12010839356e-05,10,X28 Z33 Y34 Y39 Z40 X46,0.979133333333,0.00423866529994
9.12010839356e-05,9.12010839356e-05,9.12010839356e-05,9.12010839356e-05,9.12010839356e-05,9.12010839356e-05,9.12010839356e-05,9.12010839356e-05,10,X29 Z34 Y35 Y40 Z41 X47,0.979066666667,0.00376554250339
9.12010839356e-05,9.12010839356e-05,9.12010839356e-05,9.12010839356e-05,9.12010839356e-05,9.12010839356e-05,9.12010839356e-05,9.12010839356e-05,10,X3 X5,0.991933333333,0.00227159707182
9.12010839356e-05,9.12010839356e-05,9.12010839356e-05,9.12010839356e-05,9.12010839356e-05,9.12010839356e-05,9.12010839356e-05,9.12010839356e-05,10,X30 X36,0.989777777778,0.00312367468704
9.12010839356e-05,9.12010839356e-05,9.12010839356e-05,9.12010839356e-05,9.12010839356e-05,9.12010839356e-05,9.12010839356e-05,9.12010839356e-05,10,X31 X37,0.991355555556,0.00333785134427
9.12010839356e-05,9.12010839356e-05,9.12010839356e-05,9.12010839356e-05,9.12010839356e-05,9.12010839356e-05,9.12010839356e-05,9.12010839356e-05,10,X32 X38,0.990777777778,0.00224262663005
9.12010839356e-05,9.12010839356e-05,9.12010839356e-05,9.12010839356e-05,9.12010839356e-05,9.12010839356e-05,9.12010839356e-05,9.12010839356e-05,10,X33 X39,0.991422222222,0.00214946011814
9.12010839356e-05,9.12010839356e-05,9.12010839356e-05,9.12010839356e-05,9.12010839356e-05,9.12010839356e-05,9.12010839356e-05,9.12010839356e-05,10,X34 X40,0.991111111111,0.00256312389222
9.12010839356e-05,9.12010839356e-05,9.12010839356e-05,9.12010839356e-05,9.12010839356e-05,9.12010839356e-05,9.12010839356e-05,9.12010839356e-05,10,X35 X41,0.991888888889,0.00183690004845
9.12010839356e-05,9.12010839356e-05,9.12010839356e-05,9.12010839356e-05,9.12010839356e-05,9.12010839356e-05,9.12010839356e-05,9.12010839356e-05,10,X36 Z42 Y43 Y49 Z50 X56,0.980222222222,0.00392782912494
9.12010839356e-05,9.12010839356e-05,9.12010839356e-05,9.12010839356e-05,9.12010839356e-05,9.12010839356e-05,9.12010839356e-05,9.12010839356e-05,10,X37 Z43 Y44 Y50 Z51 X57,0.9794,0.00375229176459
9.12010839356e-05,9.12010839356e-05,9.12010839356e-05,9.12010839356e-05,9.12010839356e-05,9.12010839356e-05,9.12010839356e-05,9.12010839356e-05,10,X38 Z44 Y45 Y51 Z52 X58,0.978688888889,0.00442730411327
9.12010839356e-05,9.12010839356e-05,9.12010839356e-05,9.12010839356e-05,9.12010839356e-05,9.12010839356e-05,9.12010839356e-05,9.12010839356e-05,10,X39 Z45 Y46 Y52 Z53 X59,0.979422222222,0.00459462732498
9.12010839356e-05,9.12010839356e-05,9.12010839356e-05,9.12010839356e-05,9.12010839356e-05,9.12010839356e-05,9.12010839356e-05,9.12010839356e-05,10,X4 Z6 Y7 Y9 Z10 X13,0.977555555556,0.00392782912494
9.12010839356e-05,9.12010839356e-05,9.12010839356e-05,9.12010839356e-05,9.12010839356e-05,9.12010839356e-05,9.12010839356e-05,9.12010839356e-05,10,X40 Z46 Y47 Y53 Z54 X60,0.979533333333,0.00388000078998
9.12010839356e-05,9.12010839356e-05,9.12010839356e-05,9.12010839356e-05,9.12010839356e-05,9.12010839356e-05,9.12010839356e-05,9.12010839356e-05,10,X41 Z47 Y48 Y54 Z55 X61,0.979311111111,0.00446521964323
9.12010839356e-05,9.12010839356e-05,9.12010839356e-05,9.12010839356e-05,9.12010839356e-05,9.12010839356e-05,9.12010839356e-05,9.12010839356e-05,10,X42 X49,0.990377777778,0.00253516771658
9.12010839356e-05,9.12010839356e-05,9.12010839356e-05,9.12010839356e-05,9.12010839356e-05,9.12010839356e-05,9.12010839356e-05,9.12010839356e-05,10,X43 X50,0.992088888889,0.00193957244041
9.12010839356e-05,9.12010839356e-05,9.12010839356e-05,9.12010839356e-05,9.12010839356e-05,9.12010839356e-05,9.12010839356e-05,9.12010839356e-05,10,X44 X51,0.991844444444,0.00249249191859
9.12010839356e-05,9.12010839356e-05,9.12010839356e-05,9.12010839356e-05,9.12010839356e-05,9.12010839356e-05,9.12010839356e-05,9.12010839356e-05,10,X45 X52,0.991622222222,0.0018418991809
9.12010839356e-05,9.12010839356e-05,9.12010839356e-05,9.12010839356e-05,9.12010839356e-05,9.12010839356e-05,9.12010839356e-05,9.12010839356e-05,10,X46 X53,0.991755555556,0.00254602587674
9.12010839356e-05,9.12010839356e-05,9.12010839356e-05,9.12010839356e-05,9.12010839356e-05,9.12010839356e-05,9.12010839356e-05,9.12010839356e-05,10,X47 X54,0.992488888889,0.00186874542162
9.12010839356e-05,9.12010839356e-05,9.12010839356e-05,9.12010839356e-05,9.12010839356e-05,9.12010839356e-05,9.12010839356e-05,9.12010839356e-05,10,X48 X55,0.990644444444,0.00284723880941
9.12010839356e-05,9.12010839356e-05,9.12010839356e-05,9.12010839356e-05,9.12010839356e-05,9.12010839356e-05,9.12010839356e-05,9.12010839356e-05,10,X49 Y56 Z62,0.987555555556,0.00245313675708
9.12010839356e-05,9.12010839356e-05,9.12010839356e-05,9.12010839356e-05,9.12010839356e-05,9.12010839356e-05,9.12010839356e-05,9.12010839356e-05,10,X5 Z7 Y8 Y10 Z11 X14,0.976088888889,0.00426240208331
9.12010839356e-05,9.12010839356e-05,9.12010839356e-05,9.12010839356e-05,9.12010839356e-05,9.12010839356e-05,9.12010839356e-05,9.12010839356e-05,10,X50 Z56 Y57 Y62 Z63 X68,0.979933333333,0.00328166857848
9.12010839356e-05,9.12010839356e-05,9.12010839356e-05,9.12010839356e-05,9.12010839356e-05,9.12010839356e-05,9.12010839356e-05,9.12010839356e-05,10,X51 Z57 Y58 Y63 Z64 X69,0.978644444444,0.00363247731489
9.12010839356e-05,9.12010839356e-05,9.12010839356e-05,9.12010839356e-05,9.12010839356e-05,9.12010839356e-05,9.12010839356e-05,9.12010839356e-05,10,X52 Z58 Y59 Y64 Z65 X70,0.978622222222,0.00350995664613
9.12010839356e-05,9.12010839356e-05,9.12010839356e-05,9.12010839356e-05,9.12010839356e-05,9.12010839356e-05,9.12010839356e-05,9.12010839356e-05,10,X53 Z59 Y60 Y65 Z66 X71,0.979022222222,0.00360813611612
9.12010839356e-05,9.12010839356e-05,9.12010839356e-05,9.12010839356e-05,9.12010839356e-05,9.12010839356e-05,9.12010839356e-05,9.12010839356e-05,10,X54 Z60 Y61 Y66 Z67 X72,0.98,0.00331720234801
9.12010839356e-05,9.12010839356e-05,9.12010839356e-05,9.12010839356e-05,9.12010839356e-05,9.12010839356e-05,9.12010839356e-05,9.12010839356e-05,10,X56 X62,0.994022222222,0.00138390677308
9.12010839356e-05,9.12010839356e-05,9.12010839356e-05,9.12010839356e-05,9.12010839356e-05,9.12010839356e-05,9.12010839356e-05,9.12010839356e-05,10,X57 X63,0.992244444444,0.00199219421827
9.12010839356e-05,9.12010839356e-05,9.12010839356e-05,9.12010839356e-05,9.12010839356e-05,9.12010839356e-05,9.12010839356e-05,9.12010839356e-05,10,X58 X64,0.990866666667,0.00317630113322
9.12010839356e-05,9.12010839356e-05,9.12010839356e-05,9.12010839356e-05,9.12010839356e-05,9.12010839356e-05,9.12010839356e-05,9.12010839356e-05,10,X59 X65,0.992222222222,0.00247180783474
9.12010839356e-05,9.12010839356e-05,9.12010839356e-05,9.12010839356e-05,9.12010839356e-05,9.12010839356e-05,9.12010839356e-05,9.12010839356e-05,10,X6 X9,0.993111111111,0.00220992767575
9.12010839356e-05,9.12010839356e-05,9.12010839356e-05,9.12010839356e-05,9.12010839356e-05,9.12010839356e-05,9.12010839356e-05,9.12010839356e-05,10,X60 X66,0.992711111111,0.00228895956443
9.12010839356e-05,9.12010839356e-05,9.12010839356e-05,9.12010839356e-05,9.12010839356e-05,9.12010839356e-05,9.12010839356e-05,9.12010839356e-05,10,X61 X67,0.993311111111,0.00206769224337
9.12010839356e-05,9.12010839356e-05,9.12010839356e-05,9.12010839356e-05,9.12010839356e-05,9.12010839356e-05,9.12010839356e-05,9.12010839356e-05,10,X63 Z68 Y69 Y73 Z74 X78,0.979422222222,0.00342509706587
9.12010839356e-05,9.12010839356e-05,9.12010839356e-05,9.12010839356e-05,9.12010839356e-05,9.12010839356e-05,9.12010839356e-05,9.12010839356e-05,10,X64 Z69 Y70 Y74 Z75 X79,0.977666666667,0.00435142113572
9.12010839356e-05,9.12010839356e-05,9.12010839356e-05,9.12010839356e-05,9.12010839356e-05,9.12010839356e-05,9.12010839356e-05,9.12010839356e-05,10,X65 Z70 Y71 Y75 Z76 X80,0.978377777778,0.00384641280197
9.12010839356e-05,9.12010839356e-05,9.12010839356e-05,9.12010839356e-05,9.12010839356e-05,9.12010839356e-05,9.12010839356e-05,9.12010839356e-05,10,X66 Z71 Y72 Y76 Z77 X81,0.977866666667,0.00357256467972
9.12010839356e-05,9.12010839356e-05,9.12010839356e-05,9.12010839356e-05,9.12010839356e-05,9.12010839356e-05,9.12010839356e-05,9.12010839356e-05,10,X67 Z72 Y77,0.987688888889,0.00204720786085
9.12010839356e-05,9.12010839356e-05,9.12010839356e-05,9.12010839356e-05,9.12010839356e-05,9.12010839356e-05,9.12010839356e-05,9.12010839356e-05,10,X68 X73,0.991755555556,0.00225217363433
9.12010839356e-05,9.12010839356e-05,9.12010839356e-05,9.12010839356e-05,9.12010839356e-05,9.12010839356e-05,9.12010839356e-05,9.12010839356e-05,10,X69 X74,0.991088888889,0.00306997988603
9.12010839356e-05,9.12010839356e-05,9.12010839356e-05,9.12010839356e-05,9.12010839356e-05,9.12010839356e-05,9.12010839356e-05,9.12010839356e-05,10,X7 X10,0.9902,0.00246446002572
9.12010839356e-05,9.12010839356e-05,9.12010839356e-05,9.12010839356e-05,9.12010839356e-05,9.12010839356e-05,9.12010839356e-05,9.12010839356e-05,10,X70 X75,0.991333333333,0.00197299779689
9.12010839356e-05,9.12010839356e-05,9.12010839356e-05,9.12010839356e-05,9.12010839356e-05,9.12010839356e-05,9.12010839356e-05,9.12010839356e-05,10,X71 X76,0.990955555556,0.00244907259534
9.12010839356e-05,9.12010839356e-05,9.12010839356e-05,9.12010839356e-05,9.12010839356e-05,9.12010839356e-05,9.12010839356e-05,9.12010839356e-05,10,X72 X77,0.991977777778,0.00219706061619
9.12010839356e-05,9.12010839356e-05,9.12010839356e-05,9.12010839356e-05,9.12010839356e-05,9.12010839356e-05,9.12010839356e-05,9.12010839356e-05,10,X73 Y78 Z82,0.986866666667,0.00296673769772
9.12010839356e-05,9.12010839356e-05,9.12010839356e-05,9.12010839356e-05,9.12010839356e-05,9.12010839356e-05,9.12010839356e-05,9.12010839356e-05,10,X74 Z78 Y79 Y82 Z83 X86,0.980355555556,0.00301583729417
9.12010839356e-05,9.12010839356e-05,9.12010839356e-05,9.12010839356e-05,9.12010839356e-05,9.12010839356e-05,9.12010839356e-05,9.12010839356e-05,10,X75 Z79 Y80 Y83 Z84 X87,0.979377777778,0.00266052933594
9.12010839356e-05,9.12010839356e-05,9.12010839356e-05,9.12010839356e-05,9.12010839356e-05,9.12010839356e-05,9.12010839356e-05,9.12010839356e-05,10,X76 Z80 Y81 Y84 Z85 X88,0.977222222222,0.0035539987013
9.12010839356e-05,9.12010839356e-05,9.12010839356e-05,9.12010839356e-05,9.12010839356e-05,9.12010839356e-05,9.12010839356e-05,9.12010839356e-05,10,X78 X82,0.994066666667,0.00198345648222
9.12010839356e-05,9.12010839356e-05,9.12010839356e-05,9.12010839356e-05,9.12010839356e-05,9.12010839356e-05,9.12010839356e-05,9.12010839356e-05,10,X79 X83,0.991333333333,0.00297627914482
9.12010839356e-05,9.12010839356e-05,9.12010839356e-05,9.12010839356e-05,9.12010839356e-05,9.12010839356e-05,9.12010839356e-05,9.12010839356e-05,10,X8 X11,0.990088888889,0.00234714032141
9.12010839356e-05,9.12010839356e-05,9.12010839356e-05,9.12010839356e-05,9.12010839356e-05,9.12010839356e-05,9.12010839356e-05,9.12010839356e-05,10,X80 X84,0.9914,0.00247810334098
9.12010839356e-05,9.12010839356e-05,9.12010839356e-05,9.12010839356e-05,9.12010839356e-05,9.12010839356e-05,9.12010839356e-05,9.12010839356e-05,10,X81 X85,0.991266666667,0.00219613034808
9.12010839356e-05,9.12010839356e-05,9.12010839356e-05,9.12010839356e-05,9.12010839356e-05,9.12010839356e-05,9.12010839356e-05,9.12010839356e-05,10,X83 Z86 Y87 Y89 Z90 X92,0.981155555556,0.00396124262919
9.12010839356e-05,9.12010839356e-05,9.12010839356e-05,9.12010839356e-05,9.12010839356e-05,9.12010839356e-05,9.12010839356e-05,9.12010839356e-05,10,X84 Z87 Y88 Y90 Z91 X93,0.977644444444,0.00351344798318
9.12010839356e-05,9.12010839356e-05,9.12010839356e-05,9.12010839356e-05,9.12010839356e-05,9.12010839356e-05,9.12010839356e-05,9.12010839356e-05,10,X85 Z88 Y91,0.988422222222,0.00278189732842
9.12010839356e-05,9.12010839356e-05,9.12010839356e-05,9.12010839356e-05,9.12010839356e-05,9.12010839356e-05,9.12010839356e-05,9.12010839356e-05,10,X86 X89,0.991533333333,0.00218072363117
9.12010839356e-05,9.12010839356e-05,9.12010839356e-05,9.12010839356e-05,9.12010839356e-05,9.12010839356e-05,9.12010839356e-05,9.12010839356e-05,10,X87 X90,0.991733333333,0.00257068650729
9.12010839356e-05,9.12010839356e-05,9.12010839356e-05,9.12010839356e-05,9.12010839356e-05,9.12010839356e-05,9.12010839356e-05,9.12010839356e-05,10,X88 X91,0.990577777778,0.00307621369168
9.12010839356e-05,9.12010839356e-05,9.12010839356e-05,9.12010839356e-05,9.12010839356e-05,9.12010839356e-05,9.12010839356e-05,9.12010839356e-05,10,X89 Y92 Z94,0.988688888889,0.00308491985692
9.12010839356e-05,9.12010839356e-05,9.12010839356e-05,9.12010839356e-05,9.12010839356e-05,9.12010839356e-05,9.12010839356e-05,9.12010839356e-05,10,X9 Z12 Y13 Y16 Z17 X21,0.980177777778,0.00316558763629
9.12010839356e-05,9.12010839356e-05,9.12010839356e-05,9.12010839356e-05,9.12010839356e-05,9.12010839356e-05,9.12010839356e-05,9.12010839356e-05,10,X90 Z92 Y93 Y94 Z95 X96,0.980222222222,0.00398976980422
9.12010839356e-05,9.12010839356e-05,9.12010839356e-05,9.12010839356e-05,9.12010839356e-05,9.12010839356e-05,9.12010839356e-05,9.12010839356e-05,10,X92 X94,0.993822222222,0.00185227070614
9.12010839356e-05,9.12010839356e-05,9.12010839356e-05,9.12010839356e-05,9.12010839356e-05,9.12010839356e-05,9.12010839356e-05,9.12010839356e-05,10,X93 X95,0.992133333333,0.00231205403694
9.12010839356e-05,9.12010839356e-05,9.12010839356e-05,9.12010839356e-05,9.12010839356e-05,9.12010839356e-05,9.12010839356e-05,9.12010839356e-05,10,X95 Z96 Y97,0.988688888889,0.00278740095552
9.12010839356e-05,9.12010839356e-05,9.12010839356e-05,9.12010839356e-05,9.12010839356e-05,9.12010839356e-05,9.12010839356e-05,9.12010839356e-05,10,X96 X97,0.993822222222,0.00169681543808
9.12010839356e-05,9.12010839356e-05,9.12010839356e-05,9.12010839356e-05,9.12010839356e-05,9.12010839356e-05,9.12010839356e-05,9.12010839356e-05,10,Y0 Z1 X2,0.985911111111,0.00206212577394
9.12010839356e-05,9.12010839356e-05,9.12010839356e-05,9.12010839356e-05,9.12010839356e-05,9.12010839356e-05,9.12010839356e-05,9.12010839356e-05,10,Y20 Z25 X30,0.986777777778,0.00281802263944
9.12010839356e-05,9.12010839356e-05,9.12010839356e-05,9.12010839356e-05,9.12010839356e-05,9.12010839356e-05,9.12010839356e-05,9.12010839356e-05,10,Y6 Z9 X12,0.986177777778,0.00359622336315
9.12010839356e-05,9.12010839356e-05,9.12010839356e-05,9.12010839356e-05,9.12010839356e-05,9.12010839356e-05,9.12010839356e-05,9.12010839356e-05,10,Z15 Y19 X24,0.986844444444,0.00238085166727
9.12010839356e-05,9.12010839356e-05,9.12010839356e-05,9.12010839356e-05,9.12010839356e-05,9.12010839356e-05,9.12010839356e-05,9.12010839356e-05,10,Z3 Y5 X8,0.985577777778,0.00216897901955
9.12010839356e-05,9.12010839356e-05,9.12010839356e-05,9.12010839356e-05,9.12010839356e-05,9.12010839356e-05,9.12010839356e-05,9.12010839356e-05,10,Z35 Y41 X48,0.985466666667,0.00321109188768
